   125.15
   125.15
   125.15
   125.15
   125.15
   125.15
   125.15
   125.15
   125.15
   125.15
   9.6100
   104.68
   25.64
   37.07
   126.98
   126.98
   126.98
   126.98
   126.98
   126.98
   18.380
   44.110
   10.580
   87.640
   345.64
   83.410
   42.290
   114.47
   114.47
   114.47
   192.63
   192.63
   192.63
   192.63
   129.07
   129.07
   129.07
   65.650
   378.82
   378.82
   193.24
   143.07
   143.07
   195.51
   195.51
   20.46
   161.61
   20.740
   60.680
   268.81
   268.81
   268.81
   268.81
   39.380
   90.56
   163.95
   163.95
   175.92
   175.92
   175.92
   175.92
   175.92
   175.92
   175.92
   175.92
   175.92
   175.92
   175.92
   175.92
   175.92
   175.92
   175.92
   175.92
   175.92
   175.92
   357.60
   357.60
   207.04
   207.04
   207.04
   207.04
   207.04
   207.04
   207.04
   59.18
   239.86
   239.86
   239.86
   239.86
   496.98
   263.77
   263.77
   263.77
   263.77
   263.77
   227.26
   227.26
   227.26
   227.26
   226.16
   311.83
   177.58
   22.26
   262.54
   41.120
   64.08
   41.51
   100.12
   100.12
   100.12
   100.12
   100.12
   150.74
   30.640
   90.340
   6.91
   153.50
   82.06
   118.65
   262.53
   73.880
   101.63
   195.98
   195.98
   195.98
   195.98
   195.98
   224.86
   224.86
   224.86
   224.86
   224.86
   294.24
   115.01